Iteration,Phytoplancton,Algues_benthiques,Mangroves,Herbiers_marins,Zooplancton,Coraux,Mollusques_herbivores,Oursins,Petits_poissons_recifaux,Crustaces,Cephalopodes,Etoiles_de_mer,Poissons_predateurs_moyens,Tortues_marines,Raies,Petits_requins,Grands_poissons_predateurs,Requins_moyens,Dauphins,Grands_requins,Orques
0,100.02,120.62,100.00,0.00,0.00,100.00,99.99,100.00,139.97,100.02,0.00,100.00,99.99,100.00,0.00,0.00,0.00,500.00,0.00,99.99,140.00
1,100.01,120.43,100.00,0.00,0.00,100.00,100.00,100.00,139.99,100.01,0.00,100.00,100.00,100.00,0.00,0.00,0.00,500.00,0.00,100.00,140.00
2,100.00,120.30,100.00,0.00,0.00,100.00,100.00,100.00,139.99,100.00,0.00,100.00,100.00,100.00,0.00,0.00,0.00,500.00,0.00,100.00,140.00
3,100.00,120.21,100.00,0.00,0.00,100.00,100.00,100.00,140.00,100.00,0.00,100.00,100.00,100.00,0.00,0.00,0.00,500.00,0.00,100.00,140.00
4,100.00,120.15,100.00,0.00,0.00,100.00,100.00,100.00,140.00,100.00,0.00,100.00,100.00,100.00,0.00,0.00,0.00,500.00,0.00,100.00,140.00
5,100.00,120.10,100.00,0.00,0.00,100.00,100.00,100.00,140.00,100.00,0.00,100.00,100.00,100.00,0.00,0.00,0.00,500.00,0.00,100.00,140.00
6,100.00,120.07,100.00,0.00,0.00,100.00,100.00,100.00,140.00,100.00,0.00,100.00,100.00,100.00,0.00,0.00,0.00,500.00,0.00,100.00,140.00
7,100.00,120.05,100.00,0.00,0.00,100.00,100.00,100.00,140.00,100.00,0.00,100.00,100.00,100.00,0.00,0.00,0.00,500.00,0.00,100.00,140.00
8,100.00,120.04,100.00,0.00,0.00,100.00,100.00,100.00,140.00,100.00,0.00,100.00,100.00,100.00,0.00,0.00,0.00,500.00,0.00,100.00,140.00
9,100.00,120.02,100.00,0.00,0.00,100.00,100.00,100.00,140.00,100.00,0.00,100.00,100.00,100.00,0.00,0.00,0.00,500.00,0.00,100.00,140.00
10,100.00,120.02,100.00,0.00,0.00,100.00,100.00,100.00,140.00,100.00,0.00,100.00,100.00,100.00,0.00,0.00,0.00,500.00,0.00,100.00,140.00
11,100.00,120.01,100.00,0.00,0.00,100.00,100.00,100.00,140.00,100.00,0.00,100.00,100.00,100.00,0.00,0.00,0.00,500.00,0.00,100.00,140.00
12,100.00,120.01,100.00,0.00,0.00,100.00,100.00,100.00,140.00,100.00,0.00,100.00,100.00,100.00,0.00,0.00,0.00,500.00,0.00,100.00,140.00
13,100.00,120.01,100.00,0.00,0.00,100.00,100.00,100.00,140.00,100.00,0.00,100.00,100.00,100.00,0.00,0.00,0.00,500.00,0.00,100.00,140.00
14,100.00,120.00,100.00,0.00,0.00,100.00,100.00,100.00,140.00,100.00,0.00,100.00,100.00,100.00,0.00,0.00,0.00,500.00,0.00,100.00,140.00
15,100.00,120.00,100.00,0.00,0.00,100.00,100.00,100.00,140.00,100.00,0.00,100.00,100.00,100.00,0.00,0.00,0.00,500.00,0.00,100.00,140.00
16,100.00,120.00,100.00,0.00,0.00,100.00,100.00,100.00,140.00,100.00,0.00,100.00,100.00,100.00,0.00,0.00,0.00,500.00,0.00,100.00,140.00
17,100.00,120.00,100.00,0.00,0.00,100.00,100.00,100.00,140.00,100.00,0.00,100.00,100.00,100.00,0.00,0.00,0.00,500.00,0.00,100.00,140.00
18,100.00,120.00,100.00,0.00,0.00,100.00,100.00,100.00,140.00,100.00,0.00,100.00,100.00,100.00,0.00,0.00,0.00,500.00,0.00,100.00,140.00
19,100.00,120.00,100.00,0.00,0.00,100.00,100.00,100.00,140.00,100.00,0.00,100.00,100.00,100.00,0.00,0.00,0.00,500.00,0.00,100.00,140.00
20,100.00,120.00,100.00,0.00,0.00,100.00,100.00,100.00,140.00,100.00,0.00,100.00,100.00,100.00,0.00,0.00,0.00,500.00,0.00,100.00,140.00
21,100.00,120.00,100.00,0.00,0.00,100.00,100.00,100.00,140.00,100.00,0.00,100.00,100.00,100.00,0.00,0.00,0.00,500.00,0.00,100.00,140.00
22,100.00,120.00,100.00,0.00,0.00,100.00,100.00,100.00,140.00,100.00,0.00,100.00,100.00,100.00,0.00,0.00,0.00,500.00,0.00,100.00,140.00
23,100.00,120.00,100.00,0.00,0.00,100.00,100.00,100.00,140.00,100.00,0.00,100.00,100.00,100.00,0.00,0.00,0.00,500.00,0.00,100.00,140.00
24,100.00,120.00,100.00,0.00,0.00,100.00,100.00,100.00,140.00,100.00,0.00,100.00,100.00,100.00,0.00,0.00,0.00,500.00,0.00,100.00,140.00
25,100.00,120.00,100.00,0.00,0.00,100.00,100.00,100.00,140.00,100.00,0.00,100.00,100.00,100.00,0.00,0.00,0.00,500.00,0.00,100.00,140.00
26,100.00,120.00,100.00,0.00,0.00,100.00,100.00,100.00,140.00,100.00,0.00,100.00,100.00,100.00,0.00,0.00,0.00,500.00,0.00,100.00,140.00
27,100.00,120.00,100.00,0.00,0.00,100.00,100.00,100.00,140.00,100.00,0.00,100.00,100.00,100.00,0.00,0.00,0.00,500.00,0.00,100.00,140.00
28,100.00,120.00,100.00,0.00,0.00,100.00,100.00,100.00,140.00,100.00,0.00,100.00,100.00,100.00,0.00,0.00,0.00,500.00,0.00,100.00,140.00
29,100.00,120.00,100.00,0.00,0.00,100.00,100.00,100.00,140.00,100.00,0.00,100.00,100.00,100.00,0.00,0.00,0.00,500.00,0.00,100.00,140.00
30,100.00,120.00,100.00,0.00,0.00,100.00,100.00,100.00,140.00,100.00,0.00,100.00,100.00,100.00,0.00,0.00,0.00,500.00,0.00,100.00,140.00
31,100.00,120.00,100.00,0.00,0.00,100.00,100.00,100.00,140.00,100.00,0.00,100.00,100.00,100.00,0.00,0.00,0.00,500.00,0.00,100.00,140.00
32,100.00,120.00,100.00,0.00,0.00,100.00,100.00,100.00,140.00,100.00,0.00,100.00,100.00,100.00,0.00,0.00,0.00,500.00,0.00,100.00,140.00
33,100.00,120.00,100.00,0.00,0.00,100.00,100.00,100.00,140.00,100.00,0.00,100.00,100.00,100.00,0.00,0.00,0.00,500.00,0.00,100.00,140.00
34,100.00,120.00,100.00,0.00,0.00,100.00,100.00,100.00,140.00,100.00,0.00,100.00,100.00,100.00,0.00,0.00,0.00,500.00,0.00,100.00,140.00
35,100.00,120.00,100.00,0.00,0.00,100.00,100.00,100.00,140.00,100.00,0.00,100.00,100.00,100.00,0.00,0.00,0.00,500.00,0.00,100.00,140.00
36,100.00,120.00,100.00,0.00,0.00,100.00,100.00,100.00,140.00,100.00,0.00,100.00,100.00,100.00,0.00,0.00,0.00,500.00,0.00,100.00,140.00
37,100.00,120.00,100.00,0.00,0.00,100.00,100.00,100.00,140.00,100.00,0.00,100.00,100.00,100.00,0.00,0.00,0.00,500.00,0.00,100.00,140.00
38,100.00,120.00,100.00,0.00,0.00,100.00,100.00,100.00,140.00,100.00,0.00,100.00,100.00,100.00,0.00,0.00,0.00,500.00,0.00,100.00,140.00
39,100.00,120.00,100.00,0.00,0.00,100.00,100.00,100.00,140.00,100.00,0.00,100.00,100.00,100.00,0.00,0.00,0.00,500.00,0.00,100.00,140.00
40,100.00,120.00,100.00,0.00,0.00,100.00,100.00,100.00,140.00,100.00,0.00,100.00,100.00,100.00,0.00,0.00,0.00,500.00,0.00,100.00,140.00
41,100.00,120.00,100.00,0.00,0.00,100.00,100.00,100.00,140.00,100.00,0.00,100.00,100.00,100.00,0.00,0.00,0.00,500.00,0.00,100.00,140.00
42,100.00,120.00,100.00,0.00,0.00,100.00,100.00,100.00,140.00,100.00,0.00,100.00,100.00,100.00,0.00,0.00,0.00,500.00,0.00,100.00,140.00
43,100.00,120.00,100.00,0.00,0.00,100.00,100.00,100.00,140.00,100.00,0.00,100.00,100.00,100.00,0.00,0.00,0.00,500.00,0.00,100.00,140.00
44,100.00,120.00,100.00,0.00,0.00,100.00,100.00,100.00,140.00,100.00,0.00,100.00,100.00,100.00,0.00,0.00,0.00,500.00,0.00,100.00,140.00
45,100.00,120.00,100.00,0.00,0.00,100.00,100.00,100.00,140.00,100.00,0.00,100.00,100.00,100.00,0.00,0.00,0.00,500.00,0.00,100.00,140.00
46,100.00,120.00,100.00,0.00,0.00,100.00,100.00,100.00,140.00,100.00,0.00,100.00,100.00,100.00,0.00,0.00,0.00,500.00,0.00,100.00,140.00
47,100.00,120.00,100.00,0.00,0.00,100.00,100.00,100.00,140.00,100.00,0.00,100.00,100.00,100.00,0.00,0.00,0.00,500.00,0.00,100.00,140.00
48,100.00,120.00,100.00,0.00,0.00,100.00,100.00,100.00,140.00,100.00,0.00,100.00,100.00,100.00,0.00,0.00,0.00,500.00,0.00,100.00,140.00
49,100.00,120.00,100.00,0.00,0.00,100.00,100.00,100.00,140.00,100.00,0.00,100.00,100.00,100.00,0.00,0.00,0.00,500.00,0.00,100.00,140.00
50,100.00,120.00,100.00,0.00,0.00,100.00,100.00,100.00,140.00,100.00,0.00,100.00,100.00,100.00,0.00,0.00,0.00,500.00,0.00,100.00,140.00
51,100.00,120.00,100.00,0.00,0.00,100.00,100.00,100.00,140.00,100.00,0.00,100.00,100.00,100.00,0.00,0.00,0.00,500.00,0.00,100.00,140.00
52,100.00,120.00,100.00,0.00,0.00,100.00,100.00,100.00,140.00,100.00,0.00,100.00,100.00,100.00,0.00,0.00,0.00,500.00,0.00,100.00,140.00
53,100.00,120.00,100.00,0.00,0.00,100.00,100.00,100.00,140.00,100.00,0.00,100.00,100.00,100.00,0.00,0.00,0.00,500.00,0.00,100.00,140.00
54,100.00,120.00,100.00,0.00,0.00,100.00,100.00,100.00,140.00,100.00,0.00,100.00,100.00,100.00,0.00,0.00,0.00,500.00,0.00,100.00,140.00
55,100.00,120.00,100.00,0.00,0.00,100.00,100.00,100.00,140.00,100.00,0.00,100.00,100.00,100.00,0.00,0.00,0.00,500.00,0.00,100.00,140.00
56,100.00,120.00,100.00,0.00,0.00,100.00,100.00,100.00,140.00,100.00,0.00,100.00,100.00,100.00,0.00,0.00,0.00,500.00,0.00,100.00,140.00
57,100.00,120.00,100.00,0.00,0.00,100.00,100.00,100.00,140.00,100.00,0.00,100.00,100.00,100.00,0.00,0.00,0.00,500.00,0.00,100.00,140.00
58,100.00,120.00,100.00,0.00,0.00,100.00,100.00,100.00,140.00,100.00,0.00,100.00,100.00,100.00,0.00,0.00,0.00,500.00,0.00,100.00,140.00
59,100.00,120.00,100.00,0.00,0.00,100.00,100.00,100.00,140.00,100.00,0.00,100.00,100.00,100.00,0.00,0.00,0.00,500.00,0.00,100.00,140.00
60,100.00,120.00,100.00,0.00,0.00,100.00,100.00,100.00,140.00,100.00,0.00,100.00,100.00,100.00,0.00,0.00,0.00,500.00,0.00,100.00,140.00
61,100.00,120.00,100.00,0.00,0.00,100.00,100.00,100.00,140.00,100.00,0.00,100.00,100.00,100.00,0.00,0.00,0.00,500.00,0.00,100.00,140.00
62,100.00,120.00,100.00,0.00,0.00,100.00,100.00,100.00,140.00,100.00,0.00,100.00,100.00,100.00,0.00,0.00,0.00,500.00,0.00,100.00,140.00
63,100.00,120.00,100.00,0.00,0.00,100.00,100.00,100.00,140.00,100.00,0.00,100.00,100.00,100.00,0.00,0.00,0.00,500.00,0.00,100.00,140.00
64,100.00,120.00,100.00,0.00,0.00,100.00,100.00,100.00,140.00,100.00,0.00,100.00,100.00,100.00,0.00,0.00,0.00,500.00,0.00,100.00,140.00
65,100.00,120.00,100.00,0.00,0.00,100.00,100.00,100.00,140.00,100.00,0.00,100.00,100.00,100.00,0.00,0.00,0.00,500.00,0.00,100.00,140.00
66,100.00,120.00,100.00,0.00,0.00,100.00,100.00,100.00,140.00,100.00,0.00,100.00,100.00,100.00,0.00,0.00,0.00,500.00,0.00,100.00,140.00
67,100.00,120.00,100.00,0.00,0.00,100.00,100.00,100.00,140.00,100.00,0.00,100.00,100.00,100.00,0.00,0.00,0.00,500.00,0.00,100.00,140.00
68,100.00,120.00,100.00,0.00,0.00,100.00,100.00,100.00,140.00,100.00,0.00,100.00,100.00,100.00,0.00,0.00,0.00,500.00,0.00,100.00,140.00
69,100.00,120.00,100.00,0.00,0.00,100.00,100.00,100.00,140.00,100.00,0.00,100.00,100.00,100.00,0.00,0.00,0.00,500.00,0.00,100.00,140.00
70,100.00,120.00,100.00,0.00,0.00,100.00,100.00,100.00,140.00,100.00,0.00,100.00,100.00,100.00,0.00,0.00,0.00,500.00,0.00,100.00,140.00
71,100.00,120.00,100.00,0.00,0.00,100.00,100.00,100.00,140.00,100.00,0.00,100.00,100.00,100.00,0.00,0.00,0.00,500.00,0.00,100.00,140.00
72,100.00,120.00,100.00,0.00,0.00,100.00,100.00,100.00,140.00,100.00,0.00,100.00,100.00,100.00,0.00,0.00,0.00,500.00,0.00,100.00,140.00
73,100.00,120.00,100.00,0.00,0.00,100.00,100.00,100.00,140.00,100.00,0.00,100.00,100.00,100.00,0.00,0.00,0.00,500.00,0.00,100.00,140.00
74,100.00,120.00,100.00,0.00,0.00,100.00,100.00,100.00,140.00,100.00,0.00,100.00,100.00,100.00,0.00,0.00,0.00,500.00,0.00,100.00,140.00
75,100.00,120.00,100.00,0.00,0.00,100.00,100.00,100.00,140.00,100.00,0.00,100.00,100.00,100.00,0.00,0.00,0.00,500.00,0.00,100.00,140.00
76,100.00,120.00,100.00,0.00,0.00,100.00,100.00,100.00,140.00,100.00,0.00,100.00,100.00,100.00,0.00,0.00,0.00,500.00,0.00,100.00,140.00
77,100.00,120.00,100.00,0.00,0.00,100.00,100.00,100.00,140.00,100.00,0.00,100.00,100.00,100.00,0.00,0.00,0.00,500.00,0.00,100.00,140.00
78,100.00,120.00,100.00,0.00,0.00,100.00,100.00,100.00,140.00,100.00,0.00,100.00,100.00,100.00,0.00,0.00,0.00,500.00,0.00,100.00,140.00
79,100.00,120.00,100.00,0.00,0.00,100.00,100.00,100.00,140.00,100.00,0.00,100.00,100.00,100.00,0.00,0.00,0.00,500.00,0.00,100.00,140.00
80,100.00,120.00,100.00,0.00,0.00,100.00,100.00,100.00,140.00,100.00,0.00,100.00,100.00,100.00,0.00,0.00,0.00,500.00,0.00,100.00,140.00
81,100.00,120.00,100.00,0.00,0.00,100.00,100.00,100.00,140.00,100.00,0.00,100.00,100.00,100.00,0.00,0.00,0.00,500.00,0.00,100.00,140.00
82,100.00,120.00,100.00,0.00,0.00,100.00,100.00,100.00,140.00,100.00,0.00,100.00,100.00,100.00,0.00,0.00,0.00,500.00,0.00,100.00,140.00
83,100.00,120.00,100.00,0.00,0.00,100.00,100.00,100.00,140.00,100.00,0.00,100.00,100.00,100.00,0.00,0.00,0.00,500.00,0.00,100.00,140.00
84,100.00,120.00,100.00,0.00,0.00,100.00,100.00,100.00,140.00,100.00,0.00,100.00,100.00,100.00,0.00,0.00,0.00,500.00,0.00,100.00,140.00
85,100.00,120.00,100.00,0.00,0.00,100.00,100.00,100.00,140.00,100.00,0.00,100.00,100.00,100.00,0.00,0.00,0.00,500.00,0.00,100.00,140.00
86,100.00,120.00,100.00,0.00,0.00,100.00,100.00,100.00,140.00,100.00,0.00,100.00,100.00,100.00,0.00,0.00,0.00,500.00,0.00,100.00,140.00
87,100.00,120.00,100.00,0.00,0.00,100.00,100.00,100.00,140.00,100.00,0.00,100.00,100.00,100.00,0.00,0.00,0.00,500.00,0.00,100.00,140.00
88,100.00,120.00,100.00,0.00,0.00,100.00,100.00,100.00,140.00,100.00,0.00,100.00,100.00,100.00,0.00,0.00,0.00,500.00,0.00,100.00,140.00
89,100.00,120.00,100.00,0.00,0.00,100.00,100.00,100.00,140.00,100.00,0.00,100.00,100.00,100.00,0.00,0.00,0.00,500.00,0.00,100.00,140.00
90,100.00,120.00,100.00,0.00,0.00,100.00,100.00,100.00,140.00,100.00,0.00,100.00,100.00,100.00,0.00,0.00,0.00,500.00,0.00,100.00,140.00
91,100.00,120.00,100.00,0.00,0.00,100.00,100.00,100.00,140.00,100.00,0.00,100.00,100.00,100.00,0.00,0.00,0.00,500.00,0.00,100.00,140.00
92,100.00,120.00,100.00,0.00,0.00,100.00,100.00,100.00,140.00,100.00,0.00,100.00,100.00,100.00,0.00,0.00,0.00,500.00,0.00,100.00,140.00
93,100.00,120.00,100.00,0.00,0.00,100.00,100.00,100.00,140.00,100.00,0.00,100.00,100.00,100.00,0.00,0.00,0.00,500.00,0.00,100.00,140.00
94,100.00,120.00,100.00,0.00,0.00,100.00,100.00,100.00,140.00,100.00,0.00,100.00,100.00,100.00,0.00,0.00,0.00,500.00,0.00,100.00,140.00
95,100.00,120.00,100.00,0.00,0.00,100.00,100.00,100.00,140.00,100.00,0.00,100.00,100.00,100.00,0.00,0.00,0.00,500.00,0.00,100.00,140.00
96,100.00,120.00,100.00,0.00,0.00,100.00,100.00,100.00,140.00,100.00,0.00,100.00,100.00,100.00,0.00,0.00,0.00,500.00,0.00,100.00,140.00
97,100.00,120.00,100.00,0.00,0.00,100.00,100.00,100.00,140.00,100.00,0.00,100.00,100.00,100.00,0.00,0.00,0.00,500.00,0.00,100.00,140.00
98,100.00,120.00,100.00,0.00,0.00,100.00,100.00,100.00,140.00,100.00,0.00,100.00,100.00,100.00,0.00,0.00,0.00,500.00,0.00,100.00,140.00
99,100.00,120.00,100.00,0.00,0.00,100.00,100.00,100.00,140.00,100.00,0.00,100.00,100.00,100.00,0.00,0.00,0.00,500.00,0.00,100.00,140.00
